,region,birth,death,death_children,inc_decr,marriage,divorce,year,month
3,Российская Федерация,142052,169771,993,-27719,48523,43550,2016,01
4,Центральный федеральный округ,33181,48570,217,-15389,13118,11401,2016,01
5,Белгородская область,1280,1892,6,-612,438,455,2016,01
6,Брянская область,992,1779,14,-787,353,379,2016,01
7,Владимирская область,1221,2118,12,-897,439,394,2016,01
8,Воронежская область,1814,3203,10,-1389,737,708,2016,01
9,Ивановская область,805,1543,7,-738,308,292,2016,01
10,Калужская область,920,1434,10,-514,354,333,2016,01
11,Костромская область,558,923,6,-365,170,205,2016,01
12,Курская область,931,1622,8,-691,359,355,2016,01
13,Липецкая область,937,1550,10,-613,375,325,2016,01
14,Московская область,6691,8935,24,-2244,2899,2434,2016,01
15,Орловская область,656,1026,10,-370,202,213,2016,01
16,Рязанская область,922,1587,8,-665,359,334,2016,01
17,Смоленская область,717,1452,5,-735,259,330,2016,01
18,Тамбовская область,767,1551,2,-784,278,273,2016,01
19,Тверская область,1060,2142,11,-1082,427,386,2016,01
20,Тульская область,1148,2394,3,-1246,479,461,2016,01
21,Ярославская область,1092,1746,8,-654,350,391,2016,01
22,г.Москва,10670,11673,63,-1003,4332,3133,2016,01
23,Северо-Западный федеральный округ,12816,17346,72,-4530,4934,4683,2016,01
24,Республика Карелия,554,846,3,-292,179,195,2016,01
25,Республика Коми,876,891,3,-15,268,315,2016,01
26,Архангельская область,1082,1418,11,-336,380,415,2016,01
27,Hенецкий авт.округ,58,37,0,21,16,15,2016,01
28,Архангельская область без автономии,1024,1381,11,-357,364,400,2016,01
29,Вологодская область,1104,1741,8,-637,353,344,2016,01
30,Калининградская область,886,1139,4,-253,334,407,2016,01
31,Ленинградская область,1139,2295,7,-1156,503,481,2016,01
32,Мурманская область,690,789,7,-99,324,300,2016,01
33,Новгородская область,527,982,2,-455,195,183,2016,01
34,Псковская область,517,1170,0,-653,171,201,2016,01
35,г.Санкт-Петербург,5441,6075,27,-634,2227,1842,2016,01
36,Южный федеральный округ,13404,17187,103,-3783,4244,4355,2016,01
37,Республика Адыгея,441,563,4,-122,99,106,2016,01
38,Республика Калмыкия,293,237,4,56,66,77,2016,01
39,Краснодарский край,5748,6710,39,-962,1832,1819,2016,01
40,Астраханская область,1172,1063,8,109,320,320,2016,01
41,Волгоградская область,2008,3052,21,-1044,699,731,2016,01
42,Ростовская область,3742,5562,27,-1820,1228,1302,2016,01
43,Северо-Кавказский федеральный округ,11983,6649,104,5334,3315,1744,2016,01
44,Республика Дагестан,4219,1279,33,2940,1176,358,2016,01
45,Республика Ингушетия,652,118,11,534,130,34,2016,01
46,Кабардино-Балкарская Республика,939,655,3,284,312,162,2016,01
47,Карачаево-Черкесская Республика,426,374,5,52,176,113,2016,01
48,Республика Северная Осетия- Алания,789,590,9,199,222,174,2016,01
49,Чеченская Республика,1933,576,25,1357,490,70,2016,01
50,Ставропольский край,3025,3057,18,-32,809,833,2016,01
51,Приволжский федеральный округ,28785,35436,185,-6651,9108,8346,2016,01
52,Республика Башкортостан,4255,4490,23,-235,1277,1152,2016,01
53,Республика Марий Эл,736,761,5,-25,185,159,2016,01
54,Республика Мордовия,630,992,2,-362,238,187,2016,01
55,Республика Татарстан(Татарстан),4158,3936,30,222,1212,1020,2016,01
56,Удмуртская Республика,1566,1687,8,-121,351,370,2016,01
57,Чувашская Республика(Чувашия),1248,1377,5,-129,340,280,2016,01
58,Пермский край,2873,3204,17,-331,833,801,2016,01
59,Кировская область,1182,1676,7,-494,328,443,2016,01
60,Hижегородская область,2837,4539,18,-1702,1091,887,2016,01
61,Оренбургская область,2136,2379,20,-243,660,645,2016,01
62,Пензенская область,1100,1783,6,-683,389,329,2016,01
63,Самарская область,2828,3837,21,-1009,1073,1033,2016,01
64,Саратовская область,2138,3163,15,-1025,748,704,2016,01
65,Ульяновская область,1098,1612,8,-514,383,336,2016,01
66,Уральский федеральный округ,13220,13471,102,-251,4266,4176,2016,01
67,Курганская область,844,1254,3,-410,269,291,2016,01
68,Свердловская область,4523,5418,43,-895,1560,1349,2016,01
69,Тюменская область,4517,2675,32,1842,1302,1422,2016,01
70,Ханты-Мансийский авт.округ-Югра,1989,925,14,1064,600,658,2016,01
71,Ямало-Hенецкий авт.округ,672,275,7,397,233,253,2016,01
72,Тюменская область без автономии,1856,1475,11,381,469,511,2016,01
73,Челябинская область,3336,4124,24,-788,1135,1114,2016,01
74,Сибирский федеральный округ,19956,21482,142,-1526,6360,6080,2016,01
75,Республика Алтай,298,189,2,109,70,64,2016,01
76,Республика Бурятия,1239,939,8,300,332,260,2016,01
77,Республика Тыва,562,260,6,302,167,32,2016,01
78,Республика Хакасия,567,560,2,7,156,187,2016,01
79,Алтайский край,2226,2810,15,-584,699,724,2016,01
80,Забайкальский край,1148,1124,7,24,372,339,2016,01
81,Красноярский край,2961,3059,27,-98,1043,1023,2016,01
82,Иркутская область,2607,2632,21,-25,820,731,2016,01
83,Кемеровская область,2598,3440,23,-842,778,881,2016,01
84,Новосибирская область,2916,3193,20,-277,956,925,2016,01
85,Омская область,2039,2248,9,-209,656,602,2016,01
86,Томская область,795,1028,2,-233,311,312,2016,01
87,Дальневосточный федеральный округ,6534,6537,50,-3,2274,2249,2016,01
88,Республика Саха (Якутия),1205,706,5,499,257,303,2016,01
89,Камчатский край,319,335,3,-16,137,143,2016,01
90,Приморский край,1843,2143,15,-300,709,662,2016,01
91,Хабаровский край,1510,1507,13,3,543,473,2016,01
92,Амурская область,795,913,5,-118,278,311,2016,01
93,Магаданская область,114,137,0,-23,63,72,2016,01
94,Сахалинская область,515,524,3,-9,207,207,2016,01
95,Еврейская автономная область,183,224,5,-41,58,61,2016,01
96,Чукотский авт.округ,50,48,1,2,22,17,2016,01
97,Крымский федеральный округ,2173,3093,18,-920,904,516,2016,01
98,Республика Крым,1764,2575,13,-811,703,411,2016,01
99,г Севастополь,409,518,5,-109,201,105,2016,01
